117.24,135;117.24,137;117.24,142;117.24,151;117.24,165;117.24,169;117.24,174;117.24,178;117.24,180;117.24,182;117.24,183;117.24,184;117.24,185;117.24,186;117.24,187;117.24,188;
150.24,133;150.24,134;150.24,138;150.24,143;150.24,149;150.24,157;150.24,163;150.24,169;150.24,173;150.24,177;150.24,181;150.24,184;150.24,185;150.24,187;150.24,188;148.24,188;
123.24,164;125.24,164;128.24,164;130.24,164;132.24,164;139.24,164;145.24,164;151.24,164;153.24,164;154.24,164;
175.24,173;176.24,173;177.24,173;180.24,172;186.24,171;192.24,168;199.24,166;207.24,164;212.24,160;218.24,158;219.24,157;220.24,156;220.24,155;220.24,154;219.24,153;216.24,150;215.24,149;214.24,148;213.24,148;210.24,147;208.24,147;207.24,147;204.24,147;202.24,147;201.24,147;198.24,148;197.24,149;195.24,151;193.24,153;192.24,154;191.24,156;189.24,160;189.24,163;188.24,166;188.24,170;188.24,174;188.24,175;188.24,177;189.24,178;190.24,179;191.24,179;193.24,179;194.24,179;196.24,179;198.24,179;202.24,179;211.24,179;215.24,179;218.24,179;219.24,179;221.24,179;222.24,179;224.24,179;225.24,179;226.24,179;227.24,179;
248.24,128;249.24,132;250.24,135;252.24,142;253.24,145;253.24,148;253.24,150;253.24,151;254.24,153;254.24,154;254.24,155;254.24,157;254.24,158;254.24,160;254.24,163;254.24,164;254.24,165;254.24,167;254.24,170;254.24,171;254.24,173;254.24,176;254.24,177;254.24,178;254.24,179;253.24,178;253.24,177;252.24,177;251.24,176;251.24,175;
272.24,123;272.24,125;274.24,129;275.24,132;276.24,135;277.24,139;278.24,143;278.24,144;281.24,153;283.24,159;285.24,166;286.24,171;287.24,174;288.24,176;
324.24,157;322.24,156;320.24,156;320.24,155;319.24,155;317.24,154;316.24,154;315.24,154;314.24,154;313.24,154;311.24,154;310.24,154;309.24,154;307.24,154;306.24,155;305.24,156;304.24,157;303.24,158;302.24,159;302.24,160;302.24,163;302.24,167;302.24,173;304.24,177;306.24,181;309.24,183;311.24,183;312.24,183;314.24,183;317.24,182;321.24,181;324.24,180;326.24,179;328.24,178;329.24,177;332.24,175;335.24,172;337.24,168;337.24,166;337.24,165;337.24,163;337.24,162;337.24,161;336.24,161;335.24,161;331.24,159;329.24,159;
359.24,107;359.24,109;359.24,113;360.24,117;360.24,121;361.24,125;362.24,129;362.24,134;362.24,140;362.24,145;363.24,151;363.24,155;363.24,159;363.24,160;363.24,161;364.24,162;364.24,163;364.24,164;364.24,165;364.24,168;364.24,170;364.24,171;364.24,172;364.24,171;
367.24,191;
154.24,247;157.24,247;170.24,247;196.24,247;234.24,247;269.24,247;307.24,247;352.24,247;391.24,247;429.24,247;461.24,247;485.24,247;495.24,247;503.24,245;506.24,245;503.24,246;500.24,247;495.24,248;485.24,249;
228.24,278;231.24,278;240.24,278;254.24,278;269.24,278;321.24,278;349.24,278;384.24,278;450.24,278;475.24,278;496.24,278;506.24,278;513.24,278;515.24,278;515.24,280;510.24,281;
241.24,323;252.24,323;267.24,323;284.24,323;303.24,323;331.24,323;356.24,323;387.24,323;415.24,323;434.24,323;449.24,323;463.24,323;470.24,323;471.24,323;472.24,324;472.24,325;